0
0
0
0
0
0
0
0
0
0
0
0
0
0
0
0
0
0
0
0
0
0
0
0
0
0
0
0
0
0
0
0
0
0
0
1
1
0
0
0
0
0
0
0
0
0
0
1
0
1
1
1
0
1
0
0
1
0
0
0
0
0
1
0
2
0
0
0
0
4
0
0
0
0
0
0
0
0
1
1
0
1
1
2
2
1
0
1
0
0
7
1
0
7
0
2
0
0
1
2
3
9
6
5
12
2
10
1
0
6
2
43
0
9
3
11
15
17
0
1
6
10
5
11
5
12
0
8
28
1
0
0
9
0
31
1
2
26
6
5
0
1
1
10
28
2
29
11
1
17
26
3
0
4
6
18
10
47
1
9
2
0
9
0
3
4
0
0
1
44
0
7
6
4
4
3
0
2
0
0
13
15
20
12
4
3
17
0
0
13
1
0
0
9
0
6
7
0
31
6
3
2
0
3
0
1
0
1
9
8
1
13
3
23
0
41
0
9
2
6
2
13
15
5
2
0
29
12
4
6
6
25
9
1
27
2
5
3
4
2
17
3
27
4
21
22
5
1
1
10
10
0
2
8
16
18
2
0
0
3
6
14
11
5
8
17
0
26
14
3
3
1
5
20
6
6
7
5
14
8
6
4
8
8
1
4
3
5
0
6
4
1
5
0
6
5
7
11
14
1
7
4
1
3
4
25
1
3
7
1
3
2
0
1
1
3
1
4
8
3
5
3
7
7
8
5
1
3
3
1
0
4
1
0
3
0
0
4
4
1
2
2
1
2
3
3
2
1
2
5
0
1
1
3
2
8
6
5
3
6
2
2
13
3
1
2
2
0
2
1
0
2
6
0
5
2
4
1
1
6
1
1
2
3
7
2
7
1
0
1
11
2
1
4
1
2
2
2
3
3
4
0
2
5
2
0
0
1
0
1
1
1
4
2
2
1
2
1
2
1
2
1
1
1
2
3
3
0
0
2
2
1
1
2
3
3
0
1
1
2
2
5
1
1
0
2
0
2
4
1
2
1
2
3
3
1
3
1
2
2
6
1
3
4
2
0
3
2
6
4
4
1
3
3
2
1
8
3
1
4
1
3
2
3
1
1
1
2
3
4
2
3
7
3
2
2
1
4
1
1
1
3
2
2
2
1
2
1
1
3
2
3
5
2
1
9
2
5
2
1
1
2
1
0
4
2
2
4
2
2
2
2
2
1
6
2
4
4
2
2
4
2
1
2
2
4
3
2
1
1
2
5
3
4
1
2
2
2
2
4
4
1
10
5
3
1
2
4
3
2
2
1
6
4
2
1
2
7
8
2
2
7
8
9
4
5
3
4
1
1
1
5
1
1
3
5
1
3
3
1
4
2
5
2
2
2
3
1
4
2
6
9
5
1
3
1
3
5
1
4
10
2
2
3
4
6
2
2
9
4
3
5
5
5
19
5
2
3
1
8
6
4
6
4
5
2
5
2
3
4
8
1
3
2
2
1
2
5
3
3
3
3
4
7
2
2
2
4
1
3
2
1
5
3
2
2
2
2
5
2
1
1
4
2
2
1
2
4
1
1
1
4
2
1
3
2
1
2
2
3
3
2
2
4
3
3
4
6
4
2
1
2
5
1
2
4
1
4
2
1
3
5
0
1
1
3
1
3
3
2
6
1
6
1
1
1
2
1
4
6
1
4
1
2
3
5
1
1
5
1
2
1
2
1
1
1
3
4
4
2
4
1
4
1
3
1
6
2
3
3
3
3
2
3
3
5
3
3
2
2
2
1
3
4
3
3
1
1
5
4
2
2
2
4
4
1
1
2
3
1
2
6
1
4
1
5
8
3
2
1
1
3
6
5
3
2
4
4
1
5
3
2
2
1
6
6
2
3
1
2
4
6
4
4
4
1
2
4
4
4
2
3
4
4
2
6
2
4
4
7
5
6
4
2
2
3
3
4
2
1
1
6
2
1
1
3
9
1
4
2
6
4
8
2
6
7
3
5
1
4
4
2
2
5
3
2
3
9
1
4
3
6
3
3
8
14
8
8
3
6
12
9
3
2
18
2
2
4
8
7
3
1
2
6
2
5
22
3
16
8
6
2
8
8
16
12
12
8
2
6
4
4
30
5
5
8
9
8
2
4
10
8
9
41
6
13
4
2
40
8
3
6
10
6
42
3
2
7
1
49
58
6
2
4
90
6
7
18
2
64
11
6
5
50
40
10
48
86
6
134
57
65
114
121
64
13
54
7
12
8
12
11
66
249
45
35
25
170
33
80
165
267
150
24
5
17
136
13
165
48
11
146
58
115
150
151
198
207
361
132
207
88
36
17
2
673
70
167
15
73
119
166
19
306
439
41
50
51
52
50
5
44
28
171
20
90
163
231
25
117
217
115
31
112
89
5
213
378
450
92
5
87
119
331
76
41
269
8
7
199
77
6
191
68
6
46
181
217
69
57
87
255
129
29
851
5
67
25
65
29
203
75
15
543
301
53
21
23
85
230
43
315
87
23
101
245
199
37
38
77
123
453
83
201
138
48
165
1
491
61
18
193
139
259
384
229
318
121
4
172
328
281
17
166
271
182
98
171
61
137
342
198
179
612
663
9
125
61
616
159
316
519
44
145
644
231
17
241
103
231
451
5
31
9
99
635
262
73
5
631
72
159
72
157
253
51
23
139
79
357
22
198
84
23
295
281
184
158
674
320
187
126
21
600
47
338
165
173
62
52
101
110
130
187
248
77
31
6
7
45
23
106
34
145
41
376
267
69
177
13
467
219
14
35
63
342
827
112
375
44
290
226
102
279
9
491
133
85
57
862
292
191
33
216
108
189
133
167
629
196
61
574
79
480
433
29
29
137
296
1013
129
379
314
340
120
90
192
156
66
94
401
535
123
379
121
133
353
389
200
35
112
69
469
555
297
124
41
190
87
51
279
645
23
60
7
213
72
1265
13
24
569
29
331
51
117
375
57
49
131
3
419
222
87
67
54
297
93
28
548
131
17
269
45
111
322
53
208
288
29
1109
442
137
2
175
589
183
383
43
5
81
61
97
13
57
283
516
181
468
57
48
38
150
120
467
343
188
97
54
401
391
197
118
478
99
213
7
438
194
606
18
69
79
72
553
653
259
211
22
480
882
8
26
225
42
375
849
65
305
327
326
496
402
91
407
170
604
276
74
27
677
333
473
855
285
36
592
80
67
23
172
276
239
202
42
391
9
643
6
57
172
120
63
43
395
222
54
100
164
475
242
1472
90
219
561
454
99
506
151
200
443
707
419
47
531
8
114
205
441
81
281
193
219
185
296
30
107
105
17
150
185
75
56
120
222
255
42
137
142
12
403
507
517
329
75
653
596
423
345
72
90
115
303
67
176
228
88
800
100
131
1137
